# Created by Octave 3.6.4, Mon Jun 24 10:26:19 2013 CEST <befedo@thinkpad>
# name: k
# type: matrix
# rows: 1
# columns: 3
 0.9629629629629629 -0.7407407407407407 0.2962962962962963


# name: k
# type: matrix
# rows: 1
# columns: 4
 0.9876543209876543 -0.8888888888888888 0.5925925925925926 -0.1975308641975309


# name: k
# type: matrix
# rows: 1
# columns: 5
 0.9958847736625513 -0.9547325102880658 0.7901234567901234 -0.4609053497942386 0.1316872427983539


# name: k
# type: matrix
# rows: 1
# columns: 6
 0.9986282578875171 -0.9821673525377229 0.8998628257887517 -0.6803840877914952 0.3511659807956105 -0.0877914951989026


# name: k
# type: matrix
# rows: 1
# columns: 7
 0.9995427526291724 -0.9931412894375857 0.9547325102880658 -0.8267032464563329 0.5706447187928669 -0.2633744855967078 0.05852766346593507


# name: k
# type: matrix
# rows: 1
# columns: 8
 0.9998475842097241 -0.9974089315653102 0.9803383630544125 -0.9120560890108215 0.7413504039018441 -0.4682213077274805 0.1950922115531169 -0.03901844231062338


# name: k
# type: matrix
# rows: 1
# columns: 9
 0.9999491947365746 -0.9990346999949195 0.9917187420616776 -0.9575776050398821 0.8551541939744957 -0.6503073718437229 0.3771782756693594 -0.143067621805619 0.02601229487374892


# name: k
# type: matrix
# rows: 1
# columns: 10
 0.9999830649121915 -0.9996443631560229 0.9965960473505056 -0.9803383630544124 0.9234364680180865 -0.7868719199309047 0.5592643397856017 -0.2991413910481125 0.1040491794949957 -0.01734152991583261


